 min_abv | max_abv 
---------+---------
       4 |       9
       6 |      13
       7 |      12
       4 |       9
       6 |      13
       4 |       9
       7 |       9
       4 |       9
       7 |      18
       7 |      11
       4 |       6
       5 |       9
       5 |       9
       5 |       9
       6 |       9
       4 |       5
       4 |       9
       9 |      13
       7 |      18
       6 |       8
       4 |       9
       4 |       7
       5 |      10
       4 |       9
       2 |       7
       6 |       9
       6 |       9
       6 |      14
       9 |      14
       4 |       7
       9 |      14
      10 |      14
       5 |       9
       4 |       6
       5 |       7
       5 |      10
       7 |      10
       5 |       7
       5 |       7
       5 |       7
       5 |      10
       9 |      11
       5 |      10
       6 |       8
       7 |      13
       6 |       9
       5 |       9
       6 |      14
       4 |       6
       7 |      18
       7 |      18
      10 |      14
       7 |      18
       5 |       9
       5 |       9
       7 |      18
       7 |      18
       7 |      18
       7 |      18
       7 |      18
       7 |      18
       7 |      18
       7 |      18
       7 |      18
       7 |      18
       4 |       7
       5 |      10
       8 |      41
       7 |      10
       5 |       8
       5 |       8
       7 |      11
       5 |       9
       4 |       6
       5 |       9
       7 |       9
       6 |       9
       4 |       9
       4 |       9
       4 |       6
       4 |       6
       7 |       9
       7 |      12
       4 |       9
       4 |       6
       4 |       6
       4 |       9
       4 |       9
       9 |      14
      10 |      12
       4 |       6
       5 |       9
       5 |       9
       5 |       7
       4 |       9
       8 |      41
       6 |      12
       6 |      12
       5 |      10
       4 |       9
       5 |       7
       5 |      10
       7 |      18
       5 |      10
       5 |      10
       7 |      12
       6 |       8
       5 |       9
       7 |      12
       5 |       9
       7 |      11
       7 |      12
       4 |       6
       8 |      41
       4 |       7
       5 |      10
       5 |       9
       6 |       9
       5 |       7
       7 |      18
       7 |      18
      10 |      14
       6 |      14
       7 |      18
       4 |       9
       7 |      12
       7 |      10
       7 |      10
       9 |      11
       7 |      11
       7 |      12
       4 |       9
       7 |      18
       8 |      10
       4 |       9
       4 |       9
       5 |       7
       6 |       8
       5 |       9
       4 |       9
       4 |       9
       4 |       9
       4 |       9
       3 |       8
       6 |       8
       5 |       8
       5 |       8
       7 |      18
       4 |       6
       5 |       7
       4 |       9
      10 |      12
       6 |      13
      17 |      19
       7 |      18
       6 |      13
       7 |       9
       5 |       8
       5 |      10
       5 |       8
       4 |       9
       4 |       6
       4 |       7
       4 |       6
       4 |       7
       9 |      11
       4 |       9
       7 |      12
       6 |      12
       4 |       9
       5 |       9
       5 |       9
       7 |       9
       5 |       9
       7 |      18
       6 |       8
       7 |      12
       4 |       9
       3 |       5
       4 |       9
       4 |       9
       4 |       9
       4 |       9
       4 |       6
       4 |       9
       5 |       9
       4 |       9
       4 |       9
       4 |       9
       4 |       9
       5 |       9
       4 |       9
       4 |       9
       7 |      12
       7 |      18
       6 |       8
       5 |       9
       4 |       9
       4 |       6
       5 |       7
       4 |       6
       5 |       9
       5 |       9
       3 |       5
       3 |       5
       3 |       5
       4 |       9
       7 |      11
       6 |      13
       4 |       9
       5 |       9
       2 |       7
       8 |       9
       7 |      18
       7 |      18
       2 |       7
       8 |      41
       4 |       9
       7 |       9
       4 |       9
       7 |      18
       4 |       9
       4 |       9
       4 |       9
       2 |       7
       2 |       7
       7 |      10
       4 |       7
       7 |      12
       4 |       9
       5 |      10
       4 |       9
       5 |       9
       7 |      18
      17 |      19
       7 |      18
       7 |      18
       7 |      18
       5 |       9
       5 |       7
       6 |      11
      10 |      12
       4 |       9
       7 |      12
       7 |      18
       4 |       6
       4 |       6
       9 |      13
       8 |      10
       6 |      11
       6 |      11
       7 |       9
       6 |       9
       5 |       9
       4 |       6
       4 |       6
       4 |       6
       7 |       9
       7 |      18
       7 |       8
       5 |       8
       5 |       8
       7 |      12
       4 |       9
       4 |       9
       6 |       8
       6 |      14
       2 |       7
       5 |       7
       5 |       9
       5 |       9
       9 |      12
       7 |      12
       4 |       6
       6 |       8
       5 |       9
       4 |       9
       5 |       9
       6 |       8
       5 |       9
       6 |      10
       4 |       9
       5 |       9
       7 |      12
       7 |       9
       5 |       9
       4 |       9
       4 |       9
       5 |       9
       5 |      10
       7 |      18
       8 |      41
       4 |       9
       5 |      10
       7 |      12
       4 |       6
       7 |      11
       6 |       9
       4 |       9
       4 |       9
       2 |       7
       5 |      10
       5 |      10
       5 |      10
       7 |       8
       5 |       9
       7 |      11
       4 |       6
       6 |      10
       7 |      11
       7 |      12
       5 |       9
       8 |      41
       4 |       9
       4 |       9
       6 |       9
       3 |       8
       5 |      10
       5 |       9
       7 |      18
       4 |       6
       7 |       9
       6 |       9
       6 |       9
       7 |      18
       4 |       9
       4 |       9
       5 |       8
       4 |       7
       4 |       7
       4 |       7
       4 |       7
       4 |       6
       6 |       9
       6 |       8
       6 |      14
       5 |       9
       6 |      14
      11 |      13
       5 |       9
       5 |       8
       4 |       5
       4 |       9
       4 |       9
       5 |       9
       5 |       9
       4 |       9
       5 |       9
       4 |       9
       6 |      13
       4 |       9
       4 |       9
       5 |       7
       4 |       7
       5 |       8
       5 |       9
       5 |       9
       7 |      18
       7 |      18
       5 |       7
       6 |      13
       5 |       8
       5 |       8
       6 |      13
       4 |       9
       4 |       6
       6 |      13
       8 |       9
       4 |       7
       4 |       9
       7 |      12
       5 |       9
       7 |      12
       5 |       8
      10 |      14
       5 |       8
       4 |       9
       4 |       9
       3 |       8
       4 |       6
      10 |      12
       3 |       5
       4 |       9
       4 |       9
       5 |       7
       5 |       7
       7 |      18
       4 |       9
       5 |       7
       4 |       9
       4 |       6
       3 |       8
       4 |       9
       4 |       9
       4 |       9
       7 |      12
       4 |       9
       7 |      12
       5 |       7
       4 |       6
       4 |       9
       4 |       9
       4 |       6
       4 |       9
       4 |       6
       5 |       7
       5 |       9
       4 |       9
       5 |      10
       4 |       9
       5 |       9
       5 |       9
       5 |       9
       7 |      18
       4 |       9
       8 |      10
       8 |      10
       4 |       5
       5 |       9
       9 |      12
       9 |      11
       4 |       9
       4 |       7
       4 |       9
       7 |      11
       8 |      41
       9 |      11
       4 |       6
       7 |      12
       7 |       9
       7 |      11
      10 |      12
       9 |      14
       9 |      12
       5 |       8
       4 |       9
       4 |       9
       4 |       9
      10 |      14
       7 |      12
       4 |       7
       7 |      18
       7 |       9
       8 |      41
       5 |       8
       5 |       8
       5 |       9
       6 |      14
       5 |       9
       9 |      11
       6 |      11
       4 |       6
       4 |       6
       4 |       7
       4 |       9
       4 |       9
       4 |       9
       4 |       6
      10 |      12
       5 |       7
       5 |       7
       6 |      14
       8 |      41
       5 |      10
       3 |       5
       4 |       9
       4 |       6
       5 |       8
       5 |       8
       7 |       9
       4 |       6
       5 |       7
       9 |      14
       4 |       9
       5 |       9
       5 |       9
       7 |      12
       4 |       6
       4 |       6
       6 |       8
       6 |       9
       6 |       9
       6 |       9
       7 |      10
       9 |      11
       9 |      11
       5 |       9
       7 |      18
       4 |       9
       7 |      12
       5 |       9
       7 |      12
       9 |      12
       4 |       7
       4 |       6
       4 |       9
       8 |      10
       4 |       9
(498 rows)

